10,106
10,289
10,69
10,219
10,135
10,241
10,238
10,2
10,3
9,7
9,2
9,3
8,9
8,10
8,4
8,16
53,6
53,5
53,4
53,3
53,2
53,1
53,0
46,4
46,3
46,2
46,1
46,0
45,5
45,4
45,3
45,2
45,1
45,0
42,5
42,4
42,3
42,2
42,1
42,0
40,5
40,4
40,3
40,2
40,1
40,0
33,4
33,3
33,1
29,4
29,3
29,1
26,3
26,1
20,3
20,2
20,1
19,3
19,2
19,1
18,3
18,1
14,5
14,4
14,3
14,1
13,3
13,1
12,3
12,2
12,1
11,30
11,29
11,28
11,27
11,26
11,25
11,24
11,23
11,22
11,21
11,20
11,19
11,18
11,17
11,16
11,15
11,14
11,13
11,12
11,11
11,10
11,9
11,8
11,7
11,6
11,5
11,4
11,3
11,2
11,1
10,316
10,315
10,314
10,308
10,307
10,305
10,298
10,269
10,163
10,162
